url_path,views_total,views_unique
/CBICA/NiChart_Project,14,6
/CBICA/NiChart_Project/pull/137,4,4
/CBICA/NiChart_Project/pulls,4,1
/CBICA/NiChart_Project/branches,3,2
/CBICA/NiChart_Project/blob/main/INSTALLATION.md,2,2
/CBICA/NiChart_Project/pull/137/files,2,2
/CBICA/NiChart_Project/blob/main/installers/install_nichart_docker_linux.sh,2,1
/CBICA/NiChart_Project/tree/main/src,2,1
/CBICA/NiChart_Project/tree/main/src/Image_Processing,2,1
/CBICA/NiChart_Project/tree/main/src/Machine_Learning,2,1
